[gd_scene load_steps=13 format=3 uid="uid://wu517bdoesek"]

[ext_resource type="Script" uid="uid://bfifvjgalmb8y" path="res://scenes/game_scene/game_scene.gd" id="1_wmtvo"]
[ext_resource type="Script" uid="uid://dn3n1cwl1gtbh" path="res://scenes/game_scene/Lights.cs" id="3_j8flk"]
[ext_resource type="Texture2D" uid="uid://dmvygvci4l5cn" path="res://assets/Environment/0.2/Skybox_For Project.png" id="4_201br"]
[ext_resource type="PackedScene" uid="uid://b78wmr4ci4e6" path="res://scenes/game_scene/stage.tscn" id="4_wmtvo"]
[ext_resource type="PackedScene" uid="uid://dagv1b3uqeepv" path="res://scenes/main_menu/fade_overlay/fade_overlay.tscn" id="8_201br"]
[ext_resource type="PackedScene" uid="uid://ddv44bihyw7ks" path="res://scenes/game_scene/controls.tscn" id="9_dgii4"]
[ext_resource type="PackedScene" uid="uid://r853kbmqbp2l" path="res://scenes/settings/pause_overlay.tscn" id="9_j6s53"]
[ext_resource type="PackedScene" uid="uid://d2aiomujijr4u" path="res://scenes/game_scene/game_scene_c#.tscn" id="10_jytbd"]
[ext_resource type="PackedScene" uid="uid://dnhujf7fs0j61" path="res://scenes/game_over/game_over_screen.tscn" id="14_iprv4"]

[sub_resource type="PanoramaSkyMaterial" id="PanoramaSkyMaterial_wmtvo"]
panorama = ExtResource("4_201br")

[sub_resource type="Sky" id="Sky_w5aja"]
sky_material = SubResource("PanoramaSkyMaterial_wmtvo")

[sub_resource type="Environment" id="Environment_onqr8"]
background_mode = 2
sky = SubResource("Sky_w5aja")
tonemap_mode = 3
glow_enabled = true

[node name="GAME" type="Node"]
script = ExtResource("1_wmtvo")

[node name="Game_Scene_C#" parent="." instance=ExtResource("10_jytbd")]
transform = Transform3D(1, 0, 0, 0, 1, 0, 0, 0, 1, -0.0448961, -0.0680744, 0.00992143)
_beatsPerMinute = 100

[node name="World" type="Node3D" parent="Game_Scene_C#"]

[node name="Camera3D" type="Camera3D" parent="Game_Scene_C#/World"]
transform = Transform3D(1, 0, 0, 0, 1, 0, 0, 0, 1, 0.732188, 1.74434, 9.37788)
current = true

[node name="Lights" type="Node3D" parent="Game_Scene_C#/World"]
script = ExtResource("3_j8flk")

[node name="SpotLight3D" type="SpotLight3D" parent="Game_Scene_C#/World/Lights"]
transform = Transform3D(0.863638, 0.0331777, -0.50302, 0.502649, 0.0193098, 0.864275, 0.0383879, -0.999263, -2.19877e-08, -7.49533, 5.40513, 0)
spot_range = 20.0
spot_angle = 31.54

[node name="SpotLight3D2" type="SpotLight3D" parent="Game_Scene_C#/World/Lights"]
transform = Transform3D(-0.0383879, 0.999263, 4.44022e-08, 0.502649, 0.0193098, 0.864275, 0.863638, 0.0331777, -0.50302, 0, 5.405, -7.921)
spot_range = 20.0
spot_angle = 31.54

[node name="SpotLight3D4" type="SpotLight3D" parent="Game_Scene_C#/World/Lights"]
transform = Transform3D(0.0383878, -0.999263, -3.00532e-09, 0.502649, 0.0193098, 0.864275, -0.863638, -0.0331776, 0.50302, 0, 5.405, 7.548)
spot_range = 20.0
spot_angle = 31.54

[node name="SpotLight3D3" type="SpotLight3D" parent="Game_Scene_C#/World/Lights"]
transform = Transform3D(-0.863638, -0.0331776, 0.50302, 0.502649, 0.0193098, 0.864275, -0.0383878, 0.999263, -2.0474e-08, 7.54817, 5.40513, 0)
spot_range = 20.0
spot_angle = 31.54

[node name="Env" type="Node3D" parent="Game_Scene_C#/World"]

[node name="DirectionalLight3D" type="DirectionalLight3D" parent="Game_Scene_C#/World/Env"]
transform = Transform3D(-0.866024, -0.433016, 0.250001, 0, 0.499998, 0.866027, -0.500003, 0.75, -0.43301, 0, 0, 0)
shadow_enabled = true
sky_mode = 2

[node name="WorldEnvironment" type="WorldEnvironment" parent="Game_Scene_C#/World/Env"]
environment = SubResource("Environment_onqr8")

[node name="STAGE" parent="Game_Scene_C#/World/Env" instance=ExtResource("4_wmtvo")]
transform = Transform3D(-4.37114e-08, 0, -1, 0, 1, 0, 1, 0, -4.37114e-08, 0, -1.33936, 0)

[node name="Stages" type="Node3D" parent="Game_Scene_C#/World"]

[node name="0" type="Node3D" parent="Game_Scene_C#/World/Stages"]
transform = Transform3D(1, 0, 0, 0, 1, 0, 0, 0, 1, -7, 0, 0)

[node name="1" type="Node3D" parent="Game_Scene_C#/World/Stages"]
transform = Transform3D(1, 0, 0, 0, 1, 0, 0, 0, 1, -4, 0, 0)

[node name="2" type="Node3D" parent="Game_Scene_C#/World/Stages"]
transform = Transform3D(1, 0, 0, 0, 1, 0, 0, 0, 1, -1, 0, 0)

[node name="3" type="Node3D" parent="Game_Scene_C#/World/Stages"]
transform = Transform3D(1, 0, 0, 0, 1, 0, 0, 0, 1, 2, 0, 0)

[node name="4" type="Node3D" parent="Game_Scene_C#/World/Stages"]
transform = Transform3D(1, 0, 0, 0, 1, 0, 0, 0, 1, 5, 0, 0)

[node name="5" type="Node3D" parent="Game_Scene_C#/World/Stages"]
transform = Transform3D(1, 0, 0, 0, 1, 0, 0, 0, 1, 8, 0, 0)

[node name="UILAYER" type="CanvasLayer" parent="."]

[node name="FadeOverlay" parent="UILAYER" instance=ExtResource("8_201br")]
unique_name_in_owner = true
visible = false

[node name="PauseOverlay" parent="UILAYER" instance=ExtResource("9_j6s53")]
unique_name_in_owner = true
process_mode = 2
visible = false

[node name="UserShouldStartLabel" type="Label" parent="UILAYER"]
visible = false
offset_left = 443.0
offset_top = 231.0
offset_right = 701.0
offset_bottom = 254.0
text = "NOW YOU SHOULD PLAY THE SAME"

[node name="GameOverScreen" parent="UILAYER" instance=ExtResource("14_iprv4")]
visible = false
menu_scene = "res://scenes/main_menu/main_menu_scene.tscn"

[node name="Controls" parent="UILAYER" instance=ExtResource("9_dgii4")]
unique_name_in_owner = true
offset_left = 1.0
offset_top = -2.0
offset_right = 1.0
offset_bottom = -2.0

[connection signal="on_complete_fade_out" from="UILAYER/FadeOverlay" to="." method="_on_fade_overlay_on_complete_fade_out"]
